1007770
1034514
1048052
1070173
108370
1147277
1152094
1163217
1164600
1174120
1182307
137841
144055
149160
154488
174797
190095
215941
220632
24191
244538
250284
267083
270337
272736
281687
292294
296505
29727
302891
304729
306702
327897
338877
35134
379086
389759
394759
401484
407431
422845
441158
447563
460568
463529
464524
466713
517137
531040
536117
554012
556827
559900
562542
564890
598186
601559
611863
624794
630402
634961
636626
639196
651125
655143
668248
677779
681980
682338
685559
690261
693663
707449
709222
732498
744323
749840
758085
776126
784054
802543
811676
850876
861679
870467
882313
882733
888962
894802
8978
899962
915393
923647
947138
95344
985052
988051
992991
99841
999874