1002858
1009601
1015100
101761
1025814
1027198
1030779
1062579
1063710
1079761
109874
1137265
1179210
131571
131903
14287
151501
15871
181512
22734
229582
239115
247898
249492
259424
267269
273816
275793
276800
290758
294268
294706
316549
318574
318842
320136
322638
337787
388846
400869
411869
413237
427862
444591
449262
473936
477929
4797
499640
505188
513812
54670
551326
55808
559510
56888
57864
584332
603959
611085
618680
623913
633289
664403
67799
678909
692043
693455
696595
700170
705903
707928
71058
714275
724722
731735
73207
735808
739291
759763
764281
795716
797018
823775
826643
82674
829636
846690
854684
875269
880912
88551
910521
927345
92902
929047
971292
974896
978942
991877